19.835841313269494 47.901591895803186
19.288645690834475 48.33574529667149
65.38987688098496 90.30390738060781
64.15868673050615 89.72503617945007
24.89740082079344 71.20115774240232
24.76060191518468 70.18813314037627
24.350205198358413 70.47756874095514
10.94391244870041 70.62228654124458
33.65253077975376 42.6917510853835
13.132694938440492 79.16063675832127
14.774281805745554 77.85817655571635
14.774281805745554 77.71345875542693
14.227086183310533 78.29232995658467
14.227086183310533 78.72648335745296
13.679890560875513 78.58176555716354
14.774281805745554 76.55571635311144
15.047879616963064 76.410998552822
14.6374829001368 77.42402315484804
15.047879616963064 76.8451519536903
15.45827633378933 76.26628075253257
16.27906976744186 74.38494934876991
16.27906976744186 74.24023154848047
15.731874145006842 75.2532561505065
15.59507523939808 76.12156295224312
15.868673050615598 76.70043415340086
16.142270861833104 76.12156295224312
16.415868673050614 75.83212735166425
16.55266757865937 75.2532561505065
16.55266757865937 74.8191027496382
17.099863201094394 73.80607814761215
17.373461012311903 73.66136034732273
17.373461012311903 73.51664254703329
16.142270861833104 74.67438494934878
16.415868673050614 74.38494934876991
16.963064295485637 73.51664254703329
18.331053351573185 70.47756874095514
18.331053351573185 71.05643994211289
18.467852257181946 71.05643994211289
19.562243502051984 69.46454413892909
19.699042407660738 69.03039073806077
20.109439124487004 68.88567293777135
20.38303693570452 68.01736613603472
20.51983584131327 67.58321273516643
21.203830369357046 65.70188133140377
21.47742818057456 65.55716353111433
22.43502051983584 64.54413892908828
22.70861833105335 64.25470332850941
23.119015047879618 63.96526772793053
23.392612859097127 62.37337192474675
23.119015047879618 62.80752532561505
22.16142270861833 65.41244573082489
21.47742818057456 67.00434153400869
20.930232558139537 67.00434153400869
20.109439124487004 68.7409551374819
19.562243502051984 70.04341534008684
18.05745554035568 71.05643994211289
18.05745554035568 71.34587554269174
17.373461012311903 73.51664254703329
17.373461012311903 73.22720694645442
18.6046511627907 70.62228654124458
17.647058823529413 72.50361794500724
18.194254445964432 72.3589001447178
18.05745554035568 72.64833574529666
17.920656634746923 72.21418234442837
18.331053351573185 71.78002894356005
18.467852257181946 71.78002894356005
21.61422708618331 65.26772793053546
21.88782489740082 64.83357452966715
22.16142270861833 64.54413892908828
22.43502051983584 63.96526772793053
22.5718194254446 63.53111432706224
22.845417236662108 62.95224312590448
23.52941176470588 63.24167872648335
23.66621067031464 63.09696092619392
23.66621067031464 62.80752532561505
23.93980848153215 62.37337192474675
24.21340629274966 84.5151953690304
24.21340629274966 84.5151953690304
24.21340629274966 84.37047756874095
24.076607387140903 83.93632416787264
23.8030095759234 83.64688856729377
23.52941176470588 83.3574529667149
22.98221614227086 82.77858176555716
22.70861833105335 82.19971056439942
22.5718194254446 81.76555716353111
21.751025991792066 81.18668596237337
21.751025991792066 80.8972503617945
21.47742818057456 80.02894356005788
21.3406292749658 79.59479015918957
21.203830369357046 79.3053545586107
20.930232558139537 78.58176555716354
20.656634746922027 77.85817655571635
19.83584131326949 76.8451519536903
19.562243502051984 76.410998552822
18.74145006839945 74.38494934876991
18.74145006839945 74.09551374819102
19.15184678522572 75.39797395079594
18.87824897400821 75.2532561505065
18.6046511627907 74.67438494934878
18.331053351573185 74.24023154848047
18.331053351573185 73.51664254703329
25.03419972640219 84.08104196816208
25.03419972640219 84.08104196816208
24.623803009575923 83.3574529667149
24.48700410396717 83.06801736613603
23.93980848153215 82.4891461649783
23.25581395348837 81.76555716353111
23.25581395348837 81.62083936324169
22.845417236662108 80.8972503617945
22.845417236662108 80.75253256150506
22.5718194254446 80.4630969609262
22.16142270861833 79.73950795947901
21.88782489740082 79.01591895803183
21.06703146374829 77.13458755426917
21.06703146374829 76.8451519536903
20.79343365253078 76.26628075253257
20.38303693570452 75.54269175108539
19.972640218878247 74.96382054992765
19.288645690834475 74.24023154848047
19.015047879616965 73.66136034732273
21.47742818057456 78.43704775687411
18.6046511627907 72.93777134587555
17.099863201094394 71.63531114327061
16.55266757865937 70.04341534008684
16.27906976744186 69.75397973950795
15.45827633378933 68.59623733719248
15.18467852257182 68.16208393632417
13.953488372093023 65.41244573082489
13.953488372093023 65.26772793053546
14.6374829001368 67.29377713458756
14.09028727770178 66.28075253256151
12.99589603283174 64.6888567293777
12.99589603283174 63.96526772793053
12.859097127222984 63.53111432706224
12.722298221614228 63.09696092619392
13.269493844049244 63.24167872648335
13.406292749658002 63.67583212735166
13.679890560875513 64.10998552821997
13.953488372093023 64.83357452966715
14.227086183310533 65.70188133140377
14.774281805745554 66.85962373371925
14.91108071135431 67.14905933429812
15.18467852257182 67.72793053545585
15.59507523939808 68.3068017366136
16.142270861833104 69.60926193921853
16.82626538987688 70.47756874095514
17.510259917920656 70.47756874095514
17.510259917920656 70.47756874095514
17.373461012311903 69.60926193921853
16.82626538987688 68.7409551374819
16.55266757865937 68.45151953690304
16.142270861833104 68.16208393632417
15.59507523939808 67.43849493487699
15.45827633378933 66.85962373371925
14.500683994528044 64.39942112879883
13.953488372093023 64.25470332850941
15.18467852257182 65.55716353111433
15.047879616963064 66.71490593342982
24.89740082079344 84.65991316931982
24.76060191518468 84.08104196816208
24.48700410396717 83.79160636758321
23.8030095759234 82.92329956584659
23.52941176470588 82.63386396526772
23.392612859097127 82.19971056439942
22.70861833105335 81.47612156295224
22.43502051983584 81.04196816208393
21.88782489740082 80.17366136034732
21.751025991792066 79.88422575976846
20.930232558139537 77.56874095513749
20.51983584131327 76.8451519536903
19.972640218878247 76.55571635311144
19.699042407660738 75.39797395079594
16.82626538987688 69.60926193921853
14.774281805745554 65.70188133140377
13.406292749658002 64.6888567293777
18.87824897400821 70.76700434153402
19.15184678522572 70.18813314037627
20.656634746922027 68.3068017366136
20.930232558139537 66.85962373371925
17.647058823529413 74.67438494934878
18.05745554035568 75.39797395079594
17.236662106703147 75.39797395079594
19.83584131326949 73.37192474674384
19.562243502051984 72.06946454413892
19.288645690834475 72.64833574529666
18.74145006839945 71.92474674384948
19.288645690834475 71.63531114327061
19.015047879616965 69.75397973950795
18.331053351573185 69.75397973950795
17.647058823529413 69.46454413892909
16.55266757865937 73.22720694645442
16.689466484268127 72.3589001447178
16.415868673050614 71.49059334298119
59.097127222982216 85.09406657018813
59.097127222982216 84.80463096960926
58.96032831737345 84.37047756874095
58.82352941176471 83.79160636758321
58.82352941176471 83.50217076700434
58.686730506155946 83.06801736613603
58.5499316005472 82.63386396526772
58.276333789329684 82.05499276411
58.13953488372092 81.47612156295224
58.13953488372092 81.18668596237337
58.00273597811218 80.02894356005788
57.3187414500684 79.16063675832127
60.191518467852255 85.383502170767
60.46511627906976 85.23878437047757
61.2859097127223 85.23878437047757
63.33789329685362 85.81765557163531
65.5266757865937 86.25180897250362
67.30506155950752 86.39652677279305
67.57865937072503 86.39652677279305
71.9562243502052 86.97539797395079
72.2298221614227 87.12011577424023
72.91381668946649 87.26483357452966
70.7250341997264 87.12011577424023
69.35704514363886 86.97539797395079
72.64021887824897 85.96237337192476
72.09302325581395 85.52821997105644
71.9562243502052 85.23878437047757
71.9562243502052 84.5151953690304
71.9562243502052 83.50217076700434
71.81942544459645 83.21273516642546
71.68262653898769 82.19971056439942
71.68262653898769 81.76555716353111
70.99863201094391 81.18668596237337
70.86183310533517 80.75253256150506
56.36114911080712 77.27930535455862
56.63474692202464 77.27930535455862
60.0547195622435 78.29232995658467
57.59233926128591 77.56874095513749
60.73871409028728 78.29232995658467
59.37072503419972 78.0028943560058
65.93707250341997 78.72648335745296
63.611491108071135 78.72648335745296
62.517099863201096 78.72648335745296
64.29548563611492 79.01591895803183
70.58823529411765 80.02894356005788
70.04103967168263 79.88422575976846
67.85225718194255 79.45007235890014
67.71545827633378 79.3053545586107
69.08344733242134 79.73950795947901
66.62106703146374 79.3053545586107
56.49794801641587 78.0028943560058
70.99863201094391 86.10709117221418
66.62106703146374 84.37047756874095
66.21067031463748 84.37047756874095
64.43228454172366 83.93632416787264
61.96990424076607 83.64688856729377
60.32831737346102 83.21273516642546
59.91792065663475 82.77858176555716
59.78112175102599 81.91027496382056
59.50752393980848 81.04196816208393
59.37072503419972 80.31837916063675
57.86593707250341 78.8712011577424
57.72913816689466 78.58176555716354
58.96032831737345 78.58176555716354
59.91792065663475 78.72648335745296
63.748290013679885 79.59479015918957
65.5266757865937 80.75253256150506
68.12585499316005 81.47612156295224
68.39945280437757 81.47612156295224
69.49384404924761 81.18668596237337
70.04103967168263 81.91027496382056
70.4514363885089 82.63386396526772
70.7250341997264 86.25180897250362
70.04103967168263 84.22575976845152
65.93707250341997 81.91027496382056
64.70588235294117 81.76555716353111
61.01231190150479 80.31837916063675
61.01231190150479 80.31837916063675
61.01231190150479 81.33140376266282
61.42270861833106 81.91027496382056
59.50752393980848 84.22575976845152
59.097127222982216 83.06801736613603
58.96032831737345 81.76555716353111
59.097127222982216 80.4630969609262
58.5499316005472 80.60781476121564
58.41313269493844 79.45007235890014
61.83310533515732 79.3053545586107
60.0547195622435 79.3053545586107
63.20109439124487 80.17366136034732
61.2859097127223 79.59479015918957
61.14911080711354 79.01591895803183
67.03146374829001 80.8972503617945
66.07387140902873 80.4630969609262
67.30506155950752 80.4630969609262
68.12585499316005 80.4630969609262
68.94664842681259 82.77858176555716
69.08344733242134 83.06801736613603
69.76744186046511 84.22575976845152
69.90424076607387 84.80463096960926
69.22024623803009 85.09406657018813
66.62106703146374 84.5151953690304
68.94664842681259 86.10709117221418
68.67305061559507 86.10709117221418
67.85225718194255 85.81765557163531
66.484268125855 85.52821997105644
65.80027359781123 85.23878437047757
64.56908344733242 85.23878437047757
63.33789329685362 84.80463096960926
63.06429548563612 84.65991316931982
60.46511627906976 84.37047756874095
59.78112175102599 84.37047756874095
61.55950752393981 84.08104196816208
61.55950752393981 82.77858176555716
62.927496580027366 82.34442836468887
63.748290013679885 83.79160636758321
60.32831737346102 82.34442836468887
60.46511627906976 81.76555716353111
63.748290013679885 81.18668596237337
60.601915184678525 81.47612156295224
61.42270861833106 81.47612156295224
63.20109439124487 80.17366136034732
62.7906976744186 80.75253256150506
62.653898768809846 81.18668596237337
62.38030095759234 82.4891461649783
62.106703146374834 81.18668596237337
68.67305061559507 84.22575976845152
68.12585499316005 83.21273516642546
67.16826265389876 83.21273516642546
66.21067031463748 83.21273516642546
64.97948016415869 83.06801736613603
64.29548563611492 82.19971056439942
63.47469220246238 83.06801736613603
64.97948016415869 83.3574529667149
65.11627906976744 83.64688856729377
65.93707250341997 83.06801736613603
66.484268125855 82.92329956584659
66.89466484268127 82.92329956584659
67.16826265389876 82.63386396526772
67.16826265389876 82.19971056439942
67.57865937072503 82.34442836468887
67.57865937072503 83.06801736613603
68.2626538987688 84.37047756874095
68.39945280437757 85.383502170767
67.16826265389876 84.80463096960926
72.09302325581395 84.5151953690304
73.59781121751026 87.26483357452966
72.36662106703147 84.80463096960926
70.86183310533517 83.64688856729377
71.13543091655266 84.80463096960926
69.76744186046511 82.05499276411
69.90424076607387 81.62083936324169
70.31463748290014 81.04196816208393
62.106703146374834 85.81765557163531
64.56908344733242 86.25180897250362
55.6487291192504 48.86006421740873
49.894999537160665 48.55840700214805
56.296819661396654 46.57514662664576
51.39075152318292 52.048262447132906
49.50424291899813 47.5871450671853
50.65396494938761 47.90093046839567
54.36174189765338 47.15393815942864
50.10274062089369 51.93537413874222
57.26908559394053 46.42877123408009
55.13629432221836 51.25236540357911
52.88762201794624 49.90605373472903
55.01532852269013 48.66048171097984
56.95930897457513 51.504041820907375
55.71495537490336 47.83074389252529
57.884143956068215 47.93044652931186
53.533308602636886 48.64969171484684
49.90191753080262 47.27437622575966
48.98462454873648 48.69739833361445
57.50272453706996 53.207682643217154
49.666304210506446 48.44226104018647
52.7444175047847 51.362578934562784
50.08374623640112 53.74560759423609
49.664332770134216 51.10884778391124
53.55734241804599 45.12472532849953
54.29027563633445 54.92591643686898
55.29508213342799 49.31321177491188
56.01086338073573 48.10713248384071
54.29773249064436 53.168848409316695
58.01623860707525 48.38323376782349
53.64742205570283 46.45930129328976
54.349283374952726 48.69768231318965
49.62950168480839 48.32086802388861
53.47929917777551 44.72760486707338
55.973693815648105 47.38495048656311
51.461001381457216 46.97434371319522
48.55357595530887 50.50876393975614
54.067463593554734 45.02590307981259
49.99153983398243 46.55482227864634
53.85041102645418 48.49569360690533
56.78887806756276 50.04151479486377
53.867264826034834 50.69015635797013
55.12167199492786 46.48509148630844
52.15842219772908 52.33861086413339
48.364977455794175 49.043531619324426
52.37481472881315 54.87639990065203
54.428522688424216 54.22585497845153
49.568187372218745 48.19528890097268
50.08322110937931 50.27253778956145
52.20741277861705 54.5273373959116
51.06941152154163 49.96788106457801
23.663491276830843 47.5563119503388
24.58026615437774 48.73317142971966
22.05035581479483 48.872042902564125
23.820450822177992 46.2162950022173
21.271153258875906 47.5153764083148
21.12615576961941 47.73006680836978
21.55870568599313 48.874377283114754
22.659889805125346 47.37356436608102
23.42255562928529 47.06448754851847
22.809681798030887 47.60271148607448
21.95872920709512 48.24009688706108
22.33448733908846 48.701929299808974
20.74109880693869 47.322936923532005
22.2763046101059 48.419932153040776
22.870633444055187 47.41372639592879
24.487386854079965 46.736969725293264
22.57510354362496 46.313690681013725
23.234876150262515 48.60283928154305
20.310956143729804 46.61239219784164
22.64158695881764 45.8332827248193
20.47806572284041 47.13638339249542
24.9912691062538 47.04647689172357
17.88997027755176 48.179865273377295
23.29151850324835 49.64942460475419
22.68817691227132 48.102664521430135
23.04884936092301 46.65196197765613
19.40982076705352 49.30721590183802
21.967594582397755 47.75970245339036
21.99458804088801 48.96577549125668
20.761544056172266 46.64793669758823
22.3498036678972 46.07356350239586
25.43971164911617 47.35562307562308
22.73428634674152 49.119360422246736
23.090906446440773 47.98851094936391
20.683195507297224 50.30156868898165
20.33819625845129 48.94838143084632
21.26563562992021 49.02169991023876
22.838633604274065 49.56216716356194
19.14423288470002 47.04354774134093
22.230494408920308 50.20820755313243
19.70503537307636 50.06686466394418
24.44635305593384 49.49485551194253
20.79846959583211 47.20275490018865
21.10552548377905 49.173279426243646
23.65478949515265 46.09454276783414
22.61896426053872 46.725125991378086
22.902853992231005 47.73963357796129
22.581661030730764 48.22069465942111
20.585507324432967 48.07276096689828
23.87215957708993 47.69693974289525
40.76607387140904 86.39652677279305
33.78932968536252 78.8712011577424
29.00136798905609 72.21418234442837
25.03419972640219 78.58176555716354
27.359781121751027 53.54558610709117
66.07387140902873 74.38494934876991
58.96032831737345 74.24023154848047
47.60601915184679 58.32127351664255
54.03556771545828 81.76555716353111
39.53488372093023 69.17510853835022
34.33652530779754 27.206946454413895
75.64979480164159 59.04486251808972
15.321477428180575 52.821997105644
16.963064295485637 59.7684515195369
4.240766073871409 73.80607814761215
18.194254445964432 84.80463096960926
13.679890560875513 73.51664254703329
38.30369357045144 51.51953690303909
19.699042407660738 43.12590448625181

